20
46 18
7 11 9 46
840698758 13331
8 7 10 999955808
232959116 56689
4 9 1 999903057
693840425 90561
2 6 7 999957328
1000000000 1
12 7 74 12
112 73
1 5 3 64100
977365070 59489
8 5 9 999966210
1000000000 100000
99999 1 99999 100000
28 21
6 5 1 85919
177 73
7 7 5 56401
131 74
1 9 10 78736
186 75
68 16 539 186
98 59
6 30 524 98
714311129 39521
9 5 9 999998192
73 26
5 8 4 54214
164 96
76 2 193 164
1000000000 100000
1 1 1 1000000000
218492221 46085
3 7 1 999969453
1000000000 100000
999999999 1 999999999 1000000000
1000000000 100000
100000 1 0 1000000000
