20
28 21
6 5 1 85919
1000000000 100000
100000 1 0 1000000000
1000000000 1
12 7 74 12
45068754 29153
2 9 5 999904402
220 88
1 8 3 58265
977365070 59489
8 5 9 999966210
254 99
1 8 9 74990
73 26
5 8 4 54214
1000000000 100000
99999 1 99999 100000
137 49
48 17 461 137
59 26
14 19 681 59
1000000000 100000
999999999 1 999999999 1000000000
112 73
1 5 3 64100
98 59
6 30 524 98
97 39
34 37 656 97
249718282 93729
1 5 6 999917908
66 39
35 2 589 66
840698758 13331
8 7 10 999955808
177 73
7 7 5 56401
693840425 90561
2 6 7 999957328