100
4 2
5 2
6 2
1000 1000
1000 1
1000 511
644 611
1000 127
999 487
1000 999
999 512
306 304
517 408
850 827
701 568
999 255
999 504
421 321
500 249
500 127
5 1
383 370
1000 489
985 951
375 360
4 1
985 926
661 536
825 711
291 231
500 500
1000 500
500 1
500 150
762 571
999 497
999 2
999 499
999 128
999 511
1000 508
2 2
310 291
500 256
778 749
774 665
749 620
489 367
1000 2
500 248
663 636
302 285
999 999
1000 498
1 1
1000 512
500 106
496 459
471 441
462 448
999 998
500 496
591 506
663 571
1000 499
872 821
500 2
3 2
1000 256
2 1
1000 488
500 128
999 256
1000 345
999 498
500 117
458 398
948 763
999 488
975 914
1000 128
1000 255
999 127
815 641
500 499
350 324
786 740
500 244
999 1
540 434
500 245
654 533
545 422
494 372
500 250
500 116
500 255
999 293
3 1
610 476