100
1
3
4
1 2 1 2
1
4
3
2 5 4
4
2 1 4 9
2
9 9
3
4 4 3
3
2 7 5
5
8 8 8 8 8
2
7 7
4
1 5 8 8
3
1 8 1
6
2 9 9 9 3 3
6
6 5 4 3 2 1
4
7 1 9 8
4
7 4 8 9
3
9 8 1
4
9 9 9 9
4
1 3 9 7
6
3 6 6 6 9 9
3
9 9 9
3
2 7 3
4
3 1 2 1
6
9 9 9 9 9 9
5
4 5 7 8 6
3
1 2 5
6
5 5 5 9 9 9
2
8 8
1
5
5
2 3 5 2 4
4
5 2 4 7
2
6 6
3
8 8 8
2
9 6
5
9 5 8 1 6
5
1 5 4 1 1
4
4 3 2 1
6
7 7 7 7 7 9
1
7
4
8 8 8 8
3
3 3 7
4
3 4 8 3
4
8 6 9 6
1
4
3
7 5 3
3
9 8 7
3
9 5 1
3
7 7 8
3
3 2 1
2
9 8
2
4 8
6
5 6 9 6 9 6
3
9 4 9
5
2 4 3 1 2
4
3 4 1 7
1
9
4
9 1 9 6
3
5 2 3
5
3 1 1 4 2
3
1 2 1
5
5 4 3 2 1
1
1
6
5 5 5 5 9 9
5
2 9 2 7 7
4
9 4 5 9
5
9 9 9 9 9
5
3 4 4 3 3
3
7 1 6
4
8 4 9 8
3
5 4 1
5
5 5 2 3 3
3
1 1 8
3
9 2 3
3
8 9 5
4
2 9 6 8
1
6
3
6 5 4
2
5 5
2
9 9
6
1 1 5 5 9 9
5
2 5 2 4 3
4
5 5 3 4
4
5 8 3 1
3
8 5 2
1
8
4
1 7 5 2
3
1 9 6
2
8 4
4
9 2 7 7
6
3 3 5 5 9 9
6
6 6 6 6 9 9
5
2 2 1 5 5
5
3 4 2 3 2
2
4 9
4
4 5 8 5
4
3 1 1 6
3
2 6 9
2
9 7
5
4 1 4 2 5
2
2 1
