100
1
3
4
1 2 1 2
1
4
2
6 6
2
9 9
4
5 9 1 5
3
6 5 4
6
3 6 6 6 9 9
1
8
4
6 7 5 8
5
3 2 1 1 3
3
9 9 9
3
8 7 1
3
2 3 1
3
2 1 9
3
4 4 1
4
2 6 9 7
6
9 9 9 9 9 9
5
2 6 9 6 4
6
5 6 9 6 9 6
4
7 8 8 5
3
9 7 4
2
7 7
3
7 8 1
5
3 3 3 2 1
3
1 8 5
3
8 6 4
4
8 2 8 6
2
4 9
4
6 7 9 2
3
8 5 2
6
3 3 5 5 9 9
2
9 8
6
7 7 7 7 7 9
1
7
2
9 9
2
8 4
5
4 5 9 9 4
4
8 8 8 8
5
8 8 8 8 8
4
7 5 2 6
4
8 9 1 6
5
1 2 5 5 1
3
4 4 5
5
5 4 3 2 1
3
8 1 6
3
2 2 3
6
5 5 5 5 9 9
3
2 2 2
5
6 4 1 8 4
3
3 1 7
6
5 5 5 9 9 9
3
9 5 1
4
6 6 7 5
2
5 5
3
3 5 2
6
6 6 6 6 9 9
4
7 7 1 9
3
7 2 7
5
9 9 9 9 9
4
4 1 4 1
5
3 5 1 3 3
4
9 9 9 9
4
4 3 2 1
6
2 9 9 9 3 3
3
8 8 8
4
6 3 4 9
2
9 7
5
5 5 4 5 3
2
9 6
3
8 9 7
5
3 4 4 5 2
6
1 1 5 5 9 9
3
3 5 3
5
2 3 4 4 3
2
2 1
4
6 8 1 2
4
6 3 5 5
4
6 4 9 4
4
5 1 9 2
1
4
3
7 3 4
1
1
5
5 5 3 4 5
5
3 4 2 3 2
2
8 8
1
5
5
2 2 4 3 3
2
4 8
1
6
3
3 2 1
3
5 5 3
4
8 9 6 3
4
9 6 4 2
4
9 6 5 7
6
6 5 4 3 2 1
1
9
3
7 5 3
3
9 6 9
4
5 8 7 4
