100
5 980031
5 900001
4 00001
6 3005001
6 6000001
4 00001
6 0004211
6 2000001
4 04061
6 9090001
5 111211
6 0490001
6 0003001
2 129
6 1020012
6 0001002
6 1012212
1 32
6 8000001
5 688081
6 4729413
5 971326
4 20211
6 0000601
6 6702001
6 0500001
3 2201
2 701
6 9999999
4 12221
6 8000001
6 5798447
6 9100001
6 7090162
6 0000072
3 4001
6 1111111
6 0050001
4 39507
3 6001
0 1
1 15
6 0080701
6 3184073
6 1211211
4 23101
2 001
3 2401
6 0000001
6 0100001
1 01
6 0000001
1 01
6 4009001
6 0122112
2 561
5 000021
6 2198692
1 01
6 9900071
6 1813057
1 09
6 9814575
5 000001
6 0222222
6 8003001
6 2021221
6 0000021
2 001
1 11
5 201111
6 2222122
3 2001
6 0700002
6 8406713
6 1600001
6 9000004
4 11111
2 122
1 22
6 2102212
6 9778536
3 0081
6 2222376
6 2011122
6 0007901
6 2700301
5 110011
2 501
3 8401
5 621532
6 0501001
4 00001
6 0000001
4 70001
1 01
6 1201211
0 8
6 0779433
3 2061
