100
132
1000
7
111111111111111110
1
1112333455336735
187221450947674017
128333346677888899
82233566779
11220
999999999999999999
22032793427010756
14590
40011134555778999
24667444689
518812271322571707
422862905928720499
76999999999999999
44046
23444555898
64
111233447788999906
409422615881447568
1122445555566773
104876798676462616
9
163606984978345964
329
824852091606728035
12233344455555191
1000000000000000000
839031732722802299
211122223445555579
465112430820017484
1146555556778899
638048394884474203
75
712223456666888888
511234455666677900
627
74566
11222444554
343819815985732639
662068964133470189
182242484465778560
7112222355889999
11334456666777889
17977
149809701004015885
36788
986232330842386830
878
110
11144466816324565
12455666604
111111111111103190
5499999999999999
34445665575
43
786862937273163743
117
21
33328333639869869
101078683832080977
660742915504036744
111222233344444441
8222344567890000
71111123556666788
72257
220995460068059630
767
32333556699
2677889990112346
81114556680
122912844300729136
11112333444566663
8111344456667998
35666733458
321049295865129033
790044147179019959
11122345556788878
4376935737966768
596215846766399141
212253516284168803
822224444666788999
911267567855949486
553333355666777888
316238980199731392
21999999999
1748947795967974
63
659999999999999999
395017307507747098
111111111110234569
11122334588900000
65999
1133445556667747
718765650245468599
26597778967
162218940002532202
