100
4 2
5 2
6 2
1000 1000
1000 1
395240 340428
999999 262143
430389 372405
500000 1
500000 131072
666520 579714
500000 183972
5 1
303951 254345
512306 423115
814368 682085
999999 999999
581829 560424
500000 127
500000 262144
1000000 128
464214 446499
884284 743848
404285 325101
1000000 500000
958358 719059
3 1
542197 475034
1 1
377152 308850
1000000 262143
999999 1
1000000 524287
1000000 127
500000 131071
500000 128
617351 501187
1000000 524288
1000000 2
999999 475711
1000000 499998
3 2
755139 629880
337768 311910
500000 249999
500000 500000
999999 499998
323168 304948
999999 999998
500000 499999
999999 524288
999999 127
1000000 1000000
999999 499999
752207 622825
295393 237241
857139 680957
500000 2
490790 421899
999999 128
483084 469739
1000000 512761
999999 507036
997865 764466
500000 262143
451635 407498
500000 250000
999999 499997
999999 475712
2 1
481138 393340
944165 872643
999999 524287
999999 262144
670618 604288
989872 932427
999999 382462
965201 849007
500000 243406
714210 670935
500000 237857
1000000 999999
999999 2
500000 237856
1000000 499999
1000000 1
257032 197960
357940 301679
1000000 475713
597231 572166
1000000 262144
478411 450681
4 1
1000000 427950
2 2
689717 679377
423531 411951
274723 260733
1000000 475712
500000 249998
