100
4 2
5 2
6 2
1000 1000
1000 1
999 999
500 246
1000 255
500 90
500 117
500 244
500 143
500 248
820 724
999 511
480 369
295 287
1000 491
1000 500
314 260
500 116
1000 999
534 453
855 754
440 351
822 816
1 1
3 2
567 469
551 452
2 1
751 714
1000 488
462 362
1000 498
500 256
999 998
500 127
500 249
500 245
500 128
2 2
999 487
930 835
1000 256
999 499
320 294
500 500
494 460
710 575
500 255
739 660
443 422
308 250
389 383
999 255
1000 511
500 2
718 610
999 128
883 743
642 575
999 497
500 250
673 576
500 499
1000 499
891 887
999 488
952 741
1000 128
950 721
713 629
319 312
3 1
691 688
4 1
635 627
999 498
1000 489
999 127
980 736
887 791
999 2
999 1
1000 278
999 512
1000 127
999 256
1000 512
999 408
630 563
759 662
1000 2
622 564
999 494
650 537
5 1
500 1
633 615
