100
2 4
10 5
3 12
7 7 7
3 12
4 2 1
5 1000000000
25 25 25 25 25
2 2
1 1
5 5
1 1 1 1 1
5 448257424
1 2 3 4 5
5 915742169
18 7 21 11 25
5 714724053
10 10 10 10 10
5 846031768
5 5 5 5 5
5 268362882
10 10 10 10 10
5 507616061
18 18 18 18 18
5 867527160
5 5 5 5 5
5 14292117
7 7 7 7 7
5 113197432
12 12 12 12 12
5 434802157
15 15 15 15 15
5 875208637
12 12 12 12 12
5 598204019
23 23 23 23 23
5 930580339
15 15 15 15 15
5 548399485
6 6 6 6 6
5 850830825
21 21 21 21 21
5 68635284
11 11 11 11 11
5 218118272
17 17 17 17 17
5 975015708
9 9 9 9 9
5 568217814
15 15 15 15 15
5 91214437
12 12 12 12 12
5 567536380
18 18 18 18 18
5 686402411
12 12 12 12 12
5 861220169
16 16 16 16 16
5 98744025
22 22 22 22 22
5 725932411
18 18 18 18 18
5 736789750
15 15 15 15 15
5 893661536
18 18 18 18 18
5 276728745
1 2 3 4 5
5 735092037
1 2 3 4 5
5 970782493
1 2 3 4 5
5 960105183
1 2 3 4 5
5 936094217
1 2 3 4 5
5 491661373
1 2 3 4 5
5 388340171
1 2 3 4 5
5 929323319
1 2 3 4 5
5 534319488
1 2 3 4 5
5 935754473
1 2 3 4 5
5 48051188
1 2 3 4 5
5 732211233
1 2 3 4 5
5 652956242
1 2 3 4 5
5 599818572
1 2 3 4 5
5 181647206
1 2 3 4 5
5 246093995
1 2 3 4 5
5 448257424
1 2 3 4 5
5 949115035
1 2 3 4 5
5 631832946
1 2 3 4 5
5 457274500
1 2 3 4 5
5 681288758
1 2 3 4 5
5 816033640
1 2 3 4 5
5 395488494
1 2 3 4 5
5 917991491
1 2 3 4 5
5 415665899
1 2 3 4 5
5 111039833
3 3 21 3 8
5 131782772
7 14 1 5 8
5 273543505
15 20 8 12 3
5 171594523
20 7 13 17 5
5 838725204
4 12 10 4 15
5 928336683
19 1 25 16 5
5 474571493
17 17 8 15 7
5 970734369
20 7 24 7 3
5 951913332
1 13 7 7 23
5 655189487
12 11 16 2 2
5 43325616
17 10 21 10 20
5 338108004
10 15 4 14 14
5 398824749
17 2 8 20 8
5 718625295
14 9 1 20 24
5 807907739
19 15 11 9 20
5 655921600
13 20 23 24 9
5 299856520
21 17 2 23 1
5 831136075
15 10 8 7 6
5 891369626
9 21 17 14 5
5 351000218
9 21 19 10 15
5 154351384
1 22 12 9 14
5 734737029
14 10 20 15 7
5 34925476
24 9 15 14 3
5 709270299
7 5 22 19 14
5 607263928
23 4 24 13 6
5 180925441
6 20 7 12 25
5 905209519
12 15 5 19 12
5 605449653
14 4 11 22 25
5 419481524
10 8 24 7 23
5 164940752
25 9 24 6 2
5 915742169
18 7 21 11 25
5 739811016
11 20 10 18 23
5 536085944
14 13 6 2 16
5 606081776
11 18 14 9 16
5 82652731
14 23 8 22 2
5 274743668
6 24 15 14 21
5 754779150
19 20 12 25 14
5 455025787
3 23 17 9 1
5 140758232
11 12 21 15 3
5 483932340
14 13 14 24 24
5 494171035
21 5 8 22 20
5 229887443
13 22 19 7 2
