100
4
10 5 15 5
2
100 100
8
81 81 81 81 81 81 81 0
6
23 90 40 0 100 9
2
0 0
10
100 0 100 0 100 0 100 0 100 0
10
100 100 100 100 100 100 100 100 100 0
5
15 58 50 78 32
6
46 51 76 20 63 35
7
21 75 95 34 38 88 99
8
67 55 95 78 15 59 61 78
9
94 72 62 99 15 35 10 60 98
10
28 25 93 42 45 97 1 47 17 13
10
28 80 2 72 81 44 50 90 75 98
10
83 61 89 4 30 82 55 77 26 38
10
78 81 73 10 51 71 76 72 38 42
10
19 41 32 16 65 14 55 80 64 29
10
25 58 11 99 84 89 96 38 87 64
10
48 87 37 25 60 87 21 42 85 76
10
40 63 18 25 35 56 68 25 10 55
10
73 20 99 47 91 43 61 76 85 52
10
69 99 46 95 75 85 86 70 88 57
10
7 35 45 73 89 76 55 6 74 39
10
68 21 42 30 62 46 83 89 46 69
10
87 28 72 74 92 56 36 30 44 40
10
52 96 45 45 76 94 88 39 56 25
10
73 68 41 1 84 18 81 19 47 97
10
30 36 11 37 83 89 32 13 64 52
10
74 60 58 51 47 73 61 97 45 60
10
69 59 67 52 88 44 86 56 59 68
10
27 39 59 95 88 3 96 50 70 66
10
67 22 13 7 99 72 51 23 14 41
10
75 76 66 98 76 20 69 25 13 43
10
76 78 97 42 34 71 6 98 52 44
10
21 10 64 96 12 43 1 64 29 8
10
16 42 48 46 60 66 78 50 71 63
10
98 30 21 65 47 19 58 49 3 19
10
78 9 39 37 47 74 8 62 33 7
10
91 3 8 83 37 2 55 85 92 96
10
33 30 69 3 74 10 63 61 49 40
10
21 17 57 18 36 52 1 57 50 94
10
28 33 74 35 30 95 24 19 33 7
10
32 7 34 48 35 1 63 59 47 64
10
91 99 27 98 45 68 47 1 24 43
10
17 33 17 22 98 85 69 67 3 97
10
47 82 58 5 71 62 26 26 71 25
10
2 53 37 66 11 81 65 88 49 50
10
62 25 24 29 70 8 5 98 76 87
10
33 16 16 88 47 65 52 2 43 4
10
43 79 58 0 8 6 54 59 38 93
10
23 13 53 42 33 83 39 1 81 70
10
85 27 32 32 1 16 19 36 1 47
10
38 4 8 58 3 7 9 44 13 19
10
92 92 19 0 29 66 88 36 65 80
10
72 17 25 23 79 29 79 43 52 56
10
81 16 66 24 34 61 83 94 65 92
10
98 51 58 87 93 13 59 50 68 85
10
6 24 37 75 32 97 16 57 5 33
10
8 71 21 38 61 38 79 34 32 16
10
90 16 55 29 59 23 22 88 79 85
10
53 73 33 3 73 3 45 46 62 60
10
77 20 22 72 77 11 71 4 33 57
10
39 24 18 72 19 22 77 62 88 76
10
34 76 92 0 18 74 11 92 90 38
10
49 56 25 73 97 62 37 4 65 69
10
60 52 22 31 10 1 22 50 90 3
10
44 41 81 41 70 42 27 18 1 58
10
26 24 87 90 91 86 45 14 42 96
10
95 49 19 66 7 4 74 10 89 19
10
57 54 75 42 58 12 81 34 4 40
10
32 62 99 65 27 75 84 36 9 99
10
69 31 39 48 1 77 35 76 79 93
10
82 3 13 82 92 18 56 51 87 71
10
21 17 22 3 53 7 79 39 13 68
10
13 83 47 65 15 0 80 53 21 95
10
54 7 21 88 46 43 26 25 46 26
10
12 46 27 20 51 49 43 80 47 39
10
27 55 59 30 46 18 23 10 42 51
10
52 65 11 82 18 20 97 1 56 8
10
61 13 35 60 98 46 35 95 22 28
10
22 49 75 12 17 29 55 54 38 40
10
36 56 23 33 45 62 27 49 80 77
10
90 80 94 20 39 54 33 93 97 81
10
68 6 69 53 58 85 26 61 35 53
10
32 31 31 90 66 36 97 72 77 88
10
32 97 41 45 53 17 30 65 34 24
10
80 60 62 31 55 63 54 85 92 64
10
90 64 56 34 92 33 52 3 40 9
10
84 98 2 9 86 38 76 4 24 81
10
7 32 83 0 22 64 32 40 81 44
10
67 76 21 20 32 52 68 98 13 23
10
88 30 42 46 6 95 91 17 84 3
10
63 65 41 64 28 88 24 38 77 41
10
48 66 75 14 67 46 85 47 72 25
10
12 87 30 33 22 39 86 65 48 61
10
11 54 40 96 14 48 27 23 98 75
10
56 1 86 88 57 46 6 8 94 55
10
52 52 12 91 12 55 84 5 84 24
10
25 56 74 29 46 72 8 44 32 44
10
60 69 96 89 41 57 30 26 48 26
