50
10
0.67 0.87 0.58 0.61 0.49 0.84 0.86 0.51 0.41 0.91
0.14 0.03 0.26 0.25 0.17 0.36 0.23 0.13 0.28 0.20
6
0.19 0.27 0.88 0.77 0.25 0.96
0.63 0.31 0.42 0.56 0.23 0.85
2
0.4 0.2
0.6 0.8
10
0.924 0.371 0.362 0.562 0.829 0.276 0.600 0.990 0.752 0.143
0.305 0.933 0.495 0.457 0.010 0.514 0.200 0.476 0.610 0.743
2
0.89 0.56
0.22 0.39
10
0.38 0.27 0.10 0.47 0.28 0.50 0.75 0.97 0.82 0.98
0.73 0.72 0.63 0.32 0.02 0.83 0.62 0.13 0.55 0.60
10
0.220 0.101 0.743 0.404 0.697 0.165 0.817 0.303 0.606 0.706
0.330 0.440 0.661 0.917 0.844 0.284 0.193 0.183 0.716 0.560
8
0.75 0.62 0.72 0.66 0.78 0.50 0.94 0.53
0.41 0.47 0.28 0.44 0.03 0.06 0.16 0.25
7
0.25 0.38 0.81 0.44 0.31 0.12 0.62
0.56 0.50 0.75 0.19 0.69 0.94 0.88
3
0.25 0.57 0.61
0.68 0.82 0.93
7
0.27 0.80 0.13 0.93 0.60 0.87 0.73
0.20 0.33 0.67 0.47 0.53 0.07 0.40
10
0.827 0.760 0.846 0.865 0.952 0.510 0.548 0.731 0.740 0.365
0.337 0.231 0.077 0.038 0.279 0.183 0.048 0.058 0.356 0.192
5
0.10 0.24 0.14 0.97 0.21
0.90 0.62 0.79 0.17 0.03
10
0.72 0.34 0.22 0.78 0.44 0.56 0.59 0.75 0.38 0.31
0.84 0.12 0.97 0.91 0.03 0.69 0.06 0.16 0.62 0.09
1
0.3
0.5
4
0.22 0.25 0.08 0.36
0.67 0.64 0.75 0.69
9
0.62 0.71 0.86 0.29 0.14 0.43 0.48 0.76 0.24
0.10 0.52 0.38 0.90 0.33 0.81 0.57 0.05 0.67
10
0.70 0.88 0.79 0.98 0.91 0.67 0.65 0.86 0.60 0.81
0.53 0.05 0.30 0.02 0.19 0.33 0.26 0.35 0.42 0.44
1
0.8
0.2
10
0.60 0.32 0.96 0.68 0.87 0.70 0.06 0.85 0.51 0.11
0.26 0.45 0.55 0.17 0.57 0.58 0.19 0.25 0.74 0.91
10
0.06 0.42 0.80 0.52 0.28 0.92 0.72 0.88 0.68 0.36
0.66 0.14 0.04 0.62 0.16 0.20 0.86 0.64 0.58 0.90
3
0.79 0.71 0.87
0.29 0.83 0.04
10
0.83 0.65 0.61 0.70 0.72 0.91 0.57 0.89 0.98 0.85
0.30 0.41 0.07 0.39 0.11 0.35 0.43 0.20 0.54 0.09
10
0.269 0.644 0.221 0.250 0.865 0.769 0.606 0.654 0.673 0.875
0.096 0.346 0.087 0.327 0.635 0.413 0.212 0.077 0.904 0.990
5
0.32 0.91 0.27 0.82 0.14
0.77 0.41 0.68 0.86 0.09
8
0.46 0.15 0.29 0.76 0.59 0.24 0.78 0.68
0.90 0.02 0.88 0.71 0.05 0.34 0.85 0.20
10
0.67 0.23 0.18 0.70 0.04 0.21 0.46 0.88 0.89 0.47
0.42 0.26 0.81 0.37 0.95 0.68 0.53 0.91 0.30 0.07
10
0.72 0.98 0.80 0.78 0.69 0.57 0.63 0.81 0.67 0.28
0.44 0.52 0.13 0.87 0.06 0.15 0.48 0.41 0.59 0.74
5
0.11 0.16 0.73 0.96 0.29
0.70 0.55 0.86 0.82 0.59
10
0.120 0.944 0.333 0.935 0.009 0.231 0.185 0.981 0.769 0.194
0.704 0.426 0.787 0.852 0.380 0.509 0.870 0.435 0.861 0.250
8
0.43 0.11 0.17 0.20 0.28 0.09 0.30 0.15
0.57 0.76 0.63 0.59 0.87 0.46 0.54 0.65
2
0.5 0.3
0.8 0.9
3
0.33 0.07 0.13
0.80 0.40 0.53
10
0.49 0.51 0.69 0.67 0.22 0.96 0.85 0.46 0.40 0.54
0.55 0.06 0.63 0.31 0.52 0.73 0.97 0.88 0.70 0.16
2
0.28 0.56
0.33 0.83
10
0.45 0.85 0.02 0.12 0.88 0.78 0.82 0.37 0.40 0.98
0.23 0.86 0.31 0.42 0.92 0.91 0.28 0.15 0.89 0.65
10
0.82 0.79 0.90 0.68 0.62 0.93 0.87 0.51 0.61 0.88
0.22 0.41 0.31 0.36 0.14 0.35 0.34 0.39 0.30 0.11
7
0.34 0.43 0.19 0.16 0.03 0.47 0.02
0.81 0.59 0.97 0.66 0.64 0.50 0.52
10
0.50 0.16 0.07 0.57 0.04 0.36 0.56 0.53 0.34 0.30
0.91 0.94 0.70 0.87 0.83 0.74 0.96 0.61 0.89 0.79
9
0.85 0.35 0.69 0.25 0.71 0.58 0.77 0.21 0.12
0.88 0.48 0.37 0.73 0.23 0.54 0.08 0.40 0.83
7
0.27 0.29 0.58 0.42 0.23 0.04 0.96
0.40 0.31 0.08 0.33 0.90 0.65 0.02
10
0.02 0.18 0.21 0.36 0.98 0.13 0.10 0.23 0.03 0.51
0.67 0.52 0.62 0.05 0.72 0.31 0.87 0.44 0.95 0.82
10
0.08 0.36 0.66 0.28 0.97 0.09 0.46 0.31 0.27 0.01
0.23 0.50 0.26 0.12 0.88 0.81 0.32 0.22 0.80 0.76
1
0.2
0.5
7
0.99 0.55 0.95 0.29 0.25 0.47 0.59
0.33 0.85 0.90 0.62 0.84 0.23 0.18
9
0.85 0.42 0.99 0.23 0.90 0.70 0.64 0.30 0.28
0.32 0.51 0.26 0.62 0.22 0.13 0.15 0.46 0.73
10
0.86 0.71 0.76 0.52 0.81 0.95 0.62 0.90 0.67 0.57
0.48 0.38 0.10 0.14 0.29 0.24 0.43 0.19 0.33 0.05
10
0.709 0.398 0.155 0.728 0.369 0.922 0.874 0.854 0.466 0.010
0.738 0.621 0.447 0.262 0.612 0.019 0.029 0.680 0.777 0.078
10
0.35 0.69 0.44 0.12 0.54 0.46 0.10 0.56 0.04 0.85
0.67 0.48 0.62 0.31 0.73 0.88 0.33 0.06 0.08 0.98
5
0.85 0.56 0.98 0.65 0.96
0.08 0.44 0.15 0.48 0.29
