100
9992.42314 1.10977 99952.70807
408.28814 37.87068 1097.70964
762.58634 66.66710 384.60668
9993.73129 1.38221 99956.04764
999.5792 19.83707 185.0
9519.00000 73.00000 9948.00000
6400.0 37.0 56412.0
7954.0 78.0 27596.0
9193.0 68.0 57802.0
9994.82852 1.32300 99948.24968
5501.0 55.0 58094.0
953.04836 34.16854 843.24099
408.79546 48.71694 142.78115
130.17281 42.45454 207.97948
1.05122 99.70875 99999.19814
556.16170 59.67430 1215.61534
743.13574 13.04044 1158.36990
1607.00000 2.00000 3214.00000
9990.40633 1.31119 99968.66557
7322.00000 22.00000 7500.00000
914.45310 40.32641 268.17214
9992.40507 1.02800 99932.80687
53.52207 87.16861 473.93588
7175.00000 23.00000 7262.00000
9994.89156 1.38654 99926.72318
9993.64836 1.00129 99924.34411
9998.63460 1.35609 99965.87572
533.72207 35.35070 289.29450
9993.02554 1.02354 99998.30544
9991.34675 1.16014 99980.54840
9995.39510 1.45998 99990.98488
1469.0 25.0 71661.0
113.63282 75.48612 370.62764
666.0288 35.0 847.47950
9993.88991 1.48809 99948.51432
3616.0 60.0 22060.0
9994.24422 1.16623 99926.53710
10000.00000 76.16 101.93
9993.81110 1.20804 99938.88813
9992.87263 1.18640 99983.54413
40.15595 65.86707 50.83118
3824.0 82.0 91833.0
121.0 20.0807 1199.289
386.12897 87.42968 46.404
1.02770 99.47947 99999.66453
609.61 14.4887 117.02
5988.00000 2.00000 11976.00000
9998.39881 1.26614 99943.78904
9996.46006 1.03337 99941.22136
1029.636 12.4 1166.4
249.08 11.3 837.7452
9995.15197 1.32997 99945.21306
9186.0 69.0 6366.0
9996.01212 1.20987 99992.63141
3229.0 44.0 79561.0
9998.94009 1.33988 99944.92812
27.99 8.2031 321.176
9996.24544 1.22354 99970.43334
168.84001 93.80439 230.47610
259.33048 10.76529 644.19751
2515.00000 2.00000 5030.00000
9997.70659 1.32517 99994.35482
9994.16242 1.33835 99933.48322
66.57339 7.27202 34.08661
1.05038 99.19907 99999.16605
456.041 7.09 713.65419
9990.05997 1.33741 99979.94246
9996.15449 1.12381 99901.01965
939.29643 96.8 475.0
9993.71398 1.23315 99916.82544
267.772 100.0000 898.50084
426.042 86.93 706.12446
898.26241 76.53311 784.26647
593.43 62.6 100000.0000
518.0 74.18 417.1
5604.0 37.0 43378.0
411.3 9.41749 647.0
9992.50352 1.29743 99938.86461
9991.28318 1.39266 99970.93260
325.380 81.0 588.93001
627.15228 39.29307 884.06021
9997.36497 1.05455 99939.75819
3987.0 6.0 40121.0
623.05339 1.57101 57.70950
9996.95968 1.29511 99977.67736
9997.42260 1.15176 99929.79931
9996.36466 1.47441 99919.51461
9992.00000 80.00000 10408.00000
662.75760 9.91274 109.08706
1326.9 48.2 327.4
1.06878 99.88289 99999.90251
9996.67133 1.01723 99917.01874
624.45734 51.76222 388.32169
566.50312 53.56550 199.41211
5314.0 8.0 80041.0
9995.39065 1.06895 99965.35468
745.696 80.27925 647.51600
9216.0 58.0 71167.0
6099.00000 2.00000 12198.00000
9992.42422 1.43245 99954.44207
