20
20133 29990 1305 1623 603 7664 19517 81 90 36 9
5134 2621 141 183 1000000 2309 282 36 56 66 26
6 10 3 2 2 0 0 5 4 3 2
4718 7077 134 115 1000000 3964 4597 7 20 29 77
39527 38179 294 327 1000000 12899 20050 56 52 99 46
39078 39880 20882 20735 3 22243 24336 53 36 6 40
28557 13495 1138 1991 385 23252 10801 56 19 77 36
37637 35252 131 4 1326 1844 2265 72 38 3 79
4 4 1 1 3 1 1 2 2 2 2
39954 39461 443 17 1000000 34349 36388 60 98 69 44
36478 39536 170 1 1442 22516 31242 4 70 37 6
36598 39593 9 164 1449 27518 12034 65 2 51 34
490 844 318 332 275 241 434 79 99 34 80
14 15 12 4 4 3 5 84 74 53 68
8497 2343 94 193 1000000 5999 1852 70 15 92 16
4 4 2 2 1 0 2 1 2 3 4
196 827 117 730 108 131 477 41 72 11 66
6503 8478 146 197 1000000 332 8138 33 8 90 43
21995 37911 1150 1245 833 47 23529 19 74 87 95
39843 39881 20522 20114 3 11897 5279 74 89 96 58
